{
    "circles": [
        {
            "pos": [
                452.0,
                517.0
            ],
            "rad": 50.0
        }
    ],
    "height": 750,
    "rectangles": [
        {
            "hl": 100.0,
            "hw": 50.0,
            "pos": [
                844.0,
                232.0
            ],
            "rot": [
                -0.6811039424772872,
                -0.7321867381630838,
                0.7321867381630838,
                -0.6811039424772872
            ]
        }
    ],
    "tilesize": 31,
    "waypoints": [
        {
            "pos": [
                885.0,
                414.0
            ],
            "rad": 55.0
        },
        {
            "pos": [
                1028.0,
                260.0
            ],
            "rad": 55.0
        },
        {
            "pos": [
                658.0,
                202.0
            ],
            "rad": 55.0
        },
        {
            "pos": [
                802.0,
                49.0
            ],
            "rad": 55.0
        },
        {
            "pos": [
                348.0,
                513.0
            ],
            "rad": 55.0
        },
        {
            "pos": [
                372.0,
                584.0
            ],
            "rad": 55.0
        },
        {
            "pos": [
                421.0,
                616.0
            ],
            "rad": 55.0
        },
        {
            "pos": [
                478.0,
                618.0
            ],
            "rad": 55.0
        },
        {
            "pos": [
                525.0,
                592.0
            ],
            "rad": 55.0
        },
        {
            "pos": [
                553.0,
                545.0
            ],
            "rad": 55.0
        },
        {
            "pos": [
                550.0,
                477.0
            ],
            "rad": 55.0
        },
        {
            "pos": [
                509.0,
                429.0
            ],
            "rad": 55.0
        },
        {
            "pos": [
                464.0,
                413.0
            ],
            "rad": 55.0
        },
        {
            "pos": [
                424.0,
                415.0
            ],
            "rad": 55.0
        },
        {
            "pos": [
                399.0,
                426.0
            ],
            "rad": 55.0
        },
        {
            "pos": [
                366.0,
                457.0
            ],
            "rad": 55.0
        }
    ],
    "width": 1200,
    "wp_dist": [
        [
            0.0,
            210.1547088623047,
            310.6010437011719,
            519.3423461914063,
            557.894775390625,
            554.810791015625,
            506.063232421875,
            455.263671875,
            401.601806640625,
            356.91033935546875,
            424.97650146484375,
            376.299072265625,
            421.0011901855469,
            461.0010986328125,
            486.14813232421875,
            520.7782592773438
        ],
        [
            210.1547088623047,
            0.0,
            519.2947998046875,
            309.1876525878906,
            768.0494995117188,
            755.897216796875,
            703.69384765625,
            656.2499389648438,
            602.6881713867188,
            553.9404296875,
            622.006591796875,
            586.4537963867188,
            631.1558837890625,
            671.1558227539063,
            696.3028564453125,
            730.9329833984375
        ],
        [
            310.6010437011719,
            519.2947998046875,
            0.0,
            210.10711669921875,
            439.1138916015625,
            493.2444763183594,
            508.5948486328125,
            453.2725524902344,
            412.0545959472656,
            358.7115783691406,
            295.4471130371094,
            334.3902587890625,
            286.63043212890625,
            316.42535400390625,
            342.4281005859375,
            387.6712646484375
        ],
        [
            519.3423461914063,
            309.1876525878906,
            210.10711669921875,
            0.0,
            649.1625366210938,
            702.9749755859375,
            704.8760986328125,
            654.7800903320313,
            609.5719604492188,
            554.9927978515625,
            496.6769714355469,
            544.4891357421875,
            496.72930908203125,
            526.1558837890625,
            551.849609375,
            597.12646484375
        ],
        [
            557.894775390625,
            768.0494995117188,
            439.1138916015625,
            649.1625366210938,
            0.0,
            74.94664764404297,
            126.24578857421875,
            167.1077423095703,
            220.8199462890625,
            271.76910400390625,
            243.90553283691406,
            181.595703125,
            153.1535186767578,
            124.01612854003906,
            100.84642028808594,
            58.8217658996582
        ],
        [
            554.810791015625,
            755.897216796875,
            493.2444763183594,
            702.9749755859375,
            74.94664764404297,
            0.0,
            58.52349853515625,
            111.3193588256836,
            153.20901489257813,
            207.91732788085938,
            269.6386413574219,
            256.5423583984375,
            216.8690948486328,
            176.81912231445313,
            160.2903594970703,
            127.14165496826172
        ],
        [
            506.063232421875,
            703.69384765625,
            508.5948486328125,
            704.8760986328125,
            126.24578857421875,
            58.52349853515625,
            0.0,
            57.03507614135742,
            106.73331451416016,
            149.88328552246094,
            215.3543701171875,
            270.5166931152344,
            275.392578125,
            235.34262084960938,
            213.52078247070313,
            168.24386596679688
        ],
        [
            455.263671875,
            656.2499389648438,
            453.2725524902344,
            654.7800903320313,
            167.1077423095703,
            111.3193588256836,
            57.03507614135742,
            0.0,
            53.712196350097656,
            104.66136169433594,
            158.3192901611328,
            217.49557495117188,
            263.86248779296875,
            287.80340576171875,
            267.95416259765625,
            225.27894592285156
        ],
        [
            401.601806640625,
            602.6881713867188,
            412.0545959472656,
            609.5719604492188,
            220.8199462890625,
            153.20901489257813,
            106.73331451416016,
            53.712196350097656,
            0.0,
            54.708316802978516,
            117.68601989746094,
            163.78338623046875,
            211.54319763183594,
            237.850341796875,
            265.163330078125,
            274.9771728515625
        ],
        [
            356.91033935546875,
            553.9404296875,
            358.7115783691406,
            554.9927978515625,
            271.76910400390625,
            207.91732788085938,
            149.88328552246094,
            104.66136169433594,
            54.708316802978516,
            0.0,
            68.06614685058594,
            124.06449890136719,
            159.2011260986328,
            183.14202880859375,
            210.4550323486328,
            253.14991760253906
        ],
        [
            424.97650146484375,
            622.006591796875,
            295.4471130371094,
            496.6769714355469,
            243.90553283691406,
            269.6386413574219,
            215.3543701171875,
            158.3192901611328,
            117.68601989746094,
            68.06614685058594,
            0.0,
            63.12685775756836,
            107.20074462890625,
            140.42791748046875,
            159.3800506591797,
            185.08377075195313
        ],
        [
            376.299072265625,
            586.4537963867188,
            334.3902587890625,
            544.4891357421875,
            181.595703125,
            256.5423583984375,
            270.5166931152344,
            217.49557495117188,
            163.78338623046875,
            124.06449890136719,
            63.12685775756836,
            0.0,
            47.75981521606445,
            86.14522552490234,
            110.04090118408203,
            145.71546936035156
        ],
        [
            421.0011901855469,
            631.1558837890625,
            286.63043212890625,
            496.72930908203125,
            153.1535186767578,
            216.8690948486328,
            275.392578125,
            263.86248779296875,
            211.54319763183594,
            159.2011260986328,
            107.20074462890625,
            47.75981521606445,
            0.0,
            40.04996871948242,
            66.2872543334961,
            107.42439270019531
        ],
        [
            461.0010986328125,
            671.1558227539063,
            316.42535400390625,
            526.1558837890625,
            124.01612854003906,
            176.81912231445313,
            235.34262084960938,
            287.80340576171875,
            237.850341796875,
            183.14202880859375,
            140.42791748046875,
            86.14522552490234,
            40.04996871948242,
            0.0,
            27.312999725341797,
            71.61005401611328
        ],
        [
            486.14813232421875,
            696.3028564453125,
            342.4281005859375,
            551.849609375,
            100.84642028808594,
            160.2903594970703,
            213.52078247070313,
            267.95416259765625,
            265.163330078125,
            210.4550323486328,
            159.3800506591797,
            110.04090118408203,
            66.2872543334961,
            27.312999725341797,
            0.0,
            45.27692413330078
        ],
        [
            520.7782592773438,
            730.9329833984375,
            387.6712646484375,
            597.12646484375,
            58.8217658996582,
            127.14165496826172,
            168.24386596679688,
            225.27894592285156,
            274.9771728515625,
            253.14991760253906,
            185.08377075195313,
            145.71546936035156,
            107.42439270019531,
            71.61005401611328,
            45.27692413330078,
            0.0
        ]
    ],
    "wp_next": [
        [
            0,
            1,
            2,
            1,
            11,
            8,
            6,
            7,
            8,
            9,
            9,
            11,
            12,
            13,
            14,
            15
        ],
        [
            0,
            1,
            3,
            3,
            0,
            8,
            6,
            7,
            8,
            9,
            9,
            0,
            0,
            0,
            0,
            0
        ],
        [
            0,
            3,
            2,
            3,
            4,
            13,
            9,
            7,
            8,
            9,
            10,
            12,
            12,
            13,
            14,
            15
        ],
        [
            1,
            1,
            2,
            3,
            4,
            13,
            9,
            7,
            8,
            9,
            10,
            12,
            12,
            13,
            14,
            15
        ],
        [
            11,
            11,
            2,
            3,
            4,
            5,
            6,
            7,
            7,
            7,
            15,
            11,
            12,
            13,
            14,
            15
        ],
        [
            8,
            8,
            13,
            13,
            4,
            5,
            6,
            7,
            8,
            8,
            7,
            4,
            13,
            13,
            14,
            15
        ],
        [
            0,
            1,
            9,
            9,
            4,
            5,
            6,
            7,
            8,
            9,
            7,
            8,
            5,
            5,
            15,
            15
        ],
        [
            0,
            1,
            2,
            3,
            4,
            5,
            6,
            7,
            8,
            9,
            10,
            8,
            9,
            9,
            4,
            6
        ],
        [
            0,
            1,
            2,
            3,
            7,
            5,
            6,
            7,
            8,
            9,
            10,
            11,
            11,
            9,
            9,
            6
        ],
        [
            0,
            1,
            2,
            3,
            7,
            8,
            6,
            7,
            8,
            9,
            10,
            11,
            12,
            13,
            13,
            10
        ],
        [
            9,
            9,
            2,
            3,
            15,
            7,
            7,
            7,
            8,
            9,
            10,
            11,
            12,
            13,
            14,
            15
        ],
        [
            0,
            0,
            12,
            12,
            4,
            4,
            8,
            8,
            8,
            9,
            10,
            11,
            12,
            13,
            14,
            15
        ],
        [
            0,
            0,
            2,
            3,
            4,
            13,
            13,
            9,
            11,
            9,
            10,
            11,
            12,
            13,
            14,
            15
        ],
        [
            0,
            0,
            2,
            3,
            4,
            5,
            5,
            9,
            9,
            9,
            10,
            11,
            12,
            13,
            14,
            15
        ],
        [
            0,
            0,
            2,
            3,
            4,
            5,
            15,
            4,
            13,
            13,
            10,
            11,
            12,
            13,
            14,
            15
        ],
        [
            0,
            0,
            2,
            3,
            4,
            5,
            6,
            6,
            6,
            10,
            10,
            11,
            12,
            13,
            14,
            15
        ]
    ]
}
