{
    "circles": [
        {
            "pos": [
                452.0,
                517.0
            ],
            "rad": 50.0
        }
    ],
    "height": 750,
    "rectangles": [
        {
            "hl": 100.0,
            "hw": 50.0,
            "pos": [
                844.0,
                232.0
            ],
            "rot": [
                -0.6811039424772872,
                -0.7321867381630838,
                0.7321867381630838,
                -0.6811039424772872
            ]
        }
    ],
    "tilesize": 31,
    "waypoints": [
        {
            "pos": [
                885.0,
                414.0
            ],
            "rad": 55.0
        },
        {
            "pos": [
                1028.0,
                260.0
            ],
            "rad": 55.0
        },
        {
            "pos": [
                658.0,
                202.0
            ],
            "rad": 55.0
        },
        {
            "pos": [
                802.0,
                49.0
            ],
            "rad": 55.0
        },
        {
            "pos": [
                348.0,
                513.0
            ],
            "rad": 55.0
        },
        {
            "pos": [
                372.0,
                584.0
            ],
            "rad": 55.0
        },
        {
            "pos": [
                421.0,
                616.0
            ],
            "rad": 55.0
        },
        {
            "pos": [
                478.0,
                618.0
            ],
            "rad": 55.0
        },
        {
            "pos": [
                525.0,
                592.0
            ],
            "rad": 55.0
        },
        {
            "pos": [
                553.0,
                545.0
            ],
            "rad": 55.0
        },
        {
            "pos": [
                550.0,
                477.0
            ],
            "rad": 55.0
        },
        {
            "pos": [
                509.0,
                429.0
            ],
            "rad": 55.0
        },
        {
            "pos": [
                464.0,
                413.0
            ],
            "rad": 55.0
        },
        {
            "pos": [
                424.0,
                415.0
            ],
            "rad": 55.0
        },
        {
            "pos": [
                399.0,
                426.0
            ],
            "rad": 55.0
        },
        {
            "pos": [
                366.0,
                457.0
            ],
            "rad": 55.0
        }
    ],
    "width": 1200,
    "wp_dist": [
        [
            0.0,
            210.1547088623047,
            310.6010437011719,
            519.3423461914063,
            591.3871459960938,
            570.822265625,
            512.2987670898438,
            455.263671875,
            401.601806640625,
            356.91033935546875,
            424.97650146484375,
            376.299072265625,
            421.0011901855469,
            461.0010986328125,
            487.2884521484375,
            532.5653686523438
        ],
        [
            210.1547088623047,
            0.0,
            519.2947998046875,
            309.1876525878906,
            801.5418090820313,
            780.9769897460938,
            722.4534912109375,
            665.4183959960938,
            611.7565307617188,
            567.0650634765625,
            635.1312255859375,
            586.4537963867188,
            631.1558837890625,
            671.1558227539063,
            697.443115234375,
            742.7200317382813
        ],
        [
            310.6010437011719,
            519.2947998046875,
            0.0,
            210.10711669921875,
            446.4930419921875,
            521.439697265625,
            524.1671752929688,
            467.132080078125,
            413.4198913574219,
            358.7115783691406,
            295.4471130371094,
            334.3902587890625,
            286.63043212890625,
            316.42535400390625,
            342.4281005859375,
            387.6712646484375
        ],
        [
            519.3423461914063,
            309.1876525878906,
            210.10711669921875,
            0.0,
            655.9482421875,
            730.8948974609375,
            734.2742919921875,
            677.2392578125,
            623.5270385742188,
            568.8187255859375,
            505.5542297363281,
            544.4891357421875,
            496.72930908203125,
            526.1558837890625,
            551.849609375,
            597.12646484375
        ],
        [
            591.3871459960938,
            801.5418090820313,
            446.4930419921875,
            655.9482421875,
            0.0,
            74.94664764404297,
            133.47015380859375,
            190.50523376464844,
            244.21743774414063,
            298.9257507324219,
            279.70391845703125,
            216.57704162597656,
            170.3859405517578,
            130.43182373046875,
            104.09869384765625,
            58.8217658996582
        ],
        [
            570.822265625,
            780.9769897460938,
            521.439697265625,
            730.8948974609375,
            74.94664764404297,
            0.0,
            58.52349853515625,
            115.55857849121094,
            169.27078247070313,
            223.97909545898438,
            292.04522705078125,
            291.523681640625,
            245.3325958251953,
            205.37847900390625,
            179.04534912109375,
            133.76841735839844
        ],
        [
            512.2987670898438,
            722.4534912109375,
            524.1671752929688,
            734.2742919921875,
            133.47015380859375,
            58.52349853515625,
            0.0,
            57.03507614135742,
            110.74726867675781,
            165.45558166503906,
            233.521728515625,
            296.6485900878906,
            303.8560791015625,
            263.9019775390625,
            237.56884765625,
            192.2919158935547
        ],
        [
            455.263671875,
            665.4183959960938,
            467.132080078125,
            677.2392578125,
            190.50523376464844,
            115.55857849121094,
            57.03507614135742,
            0.0,
            53.712196350097656,
            108.42051696777344,
            176.48666381835938,
            239.613525390625,
            287.37335205078125,
            320.9370422363281,
            294.6039123535156,
            249.32699584960938
        ],
        [
            401.601806640625,
            611.7565307617188,
            413.4198913574219,
            623.5270385742188,
            244.21743774414063,
            169.27078247070313,
            110.74726867675781,
            53.712196350097656,
            0.0,
            54.708316802978516,
            122.77445983886719,
            185.9013214111328,
            233.6611328125,
            272.0465393066406,
            299.3595275878906,
            303.0391845703125
        ],
        [
            356.91033935546875,
            567.0650634765625,
            358.7115783691406,
            568.8187255859375,
            298.9257507324219,
            223.97909545898438,
            165.45558166503906,
            108.42051696777344,
            54.708316802978516,
            0.0,
            68.06614685058594,
            131.19300842285156,
            178.95281982421875,
            217.33822631835938,
            244.65122985839844,
            288.9482727050781
        ],
        [
            424.97650146484375,
            635.1312255859375,
            295.4471130371094,
            505.5542297363281,
            279.70391845703125,
            292.04522705078125,
            233.521728515625,
            176.48666381835938,
            122.77445983886719,
            68.06614685058594,
            0.0,
            63.12685775756836,
            110.88667297363281,
            149.27207946777344,
            176.5850830078125,
            220.88214111328125
        ],
        [
            376.299072265625,
            586.4537963867188,
            334.3902587890625,
            544.4891357421875,
            216.57704162597656,
            291.523681640625,
            296.6485900878906,
            239.613525390625,
            185.9013214111328,
            131.19300842285156,
            63.12685775756836,
            0.0,
            47.75981521606445,
            86.14522552490234,
            113.45822143554688,
            157.75527954101563
        ],
        [
            421.0011901855469,
            631.1558837890625,
            286.63043212890625,
            496.72930908203125,
            170.3859405517578,
            245.3325958251953,
            303.8560791015625,
            287.37335205078125,
            233.6611328125,
            178.95281982421875,
            110.88667297363281,
            47.75981521606445,
            0.0,
            40.04996871948242,
            66.2872543334961,
            111.56417846679688
        ],
        [
            461.0010986328125,
            671.1558227539063,
            316.42535400390625,
            526.1558837890625,
            130.43182373046875,
            205.37847900390625,
            263.9019775390625,
            320.9370422363281,
            272.0465393066406,
            217.33822631835938,
            149.27207946777344,
            86.14522552490234,
            40.04996871948242,
            0.0,
            27.312999725341797,
            71.61005401611328
        ],
        [
            487.2884521484375,
            697.443115234375,
            342.4281005859375,
            551.849609375,
            104.09869384765625,
            179.04534912109375,
            237.56884765625,
            294.6039123535156,
            299.3595275878906,
            244.65122985839844,
            176.5850830078125,
            113.45822143554688,
            66.2872543334961,
            27.312999725341797,
            0.0,
            45.27692413330078
        ],
        [
            532.5653686523438,
            742.7200317382813,
            387.6712646484375,
            597.12646484375,
            58.8217658996582,
            133.76841735839844,
            192.2919158935547,
            249.32699584960938,
            303.0391845703125,
            288.9482727050781,
            220.88214111328125,
            157.75527954101563,
            111.56417846679688,
            71.61005401611328,
            45.27692413330078,
            0.0
        ]
    ],
    "wp_next": [
        [
            0,
            1,
            2,
            1,
            12,
            7,
            7,
            7,
            8,
            9,
            9,
            11,
            12,
            13,
            12,
            12
        ],
        [
            0,
            1,
            3,
            3,
            0,
            0,
            0,
            0,
            0,
            0,
            0,
            0,
            0,
            0,
            0,
            0
        ],
        [
            0,
            3,
            2,
            3,
            15,
            15,
            9,
            9,
            9,
            9,
            10,
            12,
            12,
            13,
            14,
            15
        ],
        [
            1,
            1,
            2,
            3,
            15,
            15,
            2,
            2,
            2,
            2,
            2,
            12,
            12,
            13,
            14,
            15
        ],
        [
            15,
            15,
            15,
            15,
            4,
            5,
            5,
            5,
            5,
            5,
            15,
            15,
            15,
            15,
            15,
            15
        ],
        [
            6,
            6,
            4,
            4,
            4,
            5,
            6,
            6,
            6,
            6,
            6,
            4,
            4,
            4,
            4,
            4
        ],
        [
            7,
            7,
            7,
            7,
            5,
            5,
            6,
            7,
            7,
            7,
            7,
            7,
            5,
            5,
            5,
            5
        ],
        [
            0,
            0,
            8,
            8,
            6,
            6,
            6,
            7,
            8,
            8,
            8,
            8,
            8,
            6,
            6,
            6
        ],
        [
            0,
            0,
            9,
            9,
            7,
            7,
            7,
            7,
            8,
            9,
            9,
            9,
            9,
            9,
            9,
            7
        ],
        [
            0,
            0,
            2,
            2,
            8,
            8,
            8,
            8,
            8,
            9,
            10,
            10,
            10,
            10,
            10,
            10
        ],
        [
            9,
            9,
            2,
            2,
            11,
            9,
            9,
            9,
            9,
            9,
            10,
            11,
            11,
            11,
            11,
            11
        ],
        [
            0,
            0,
            12,
            12,
            13,
            13,
            10,
            10,
            10,
            10,
            10,
            11,
            12,
            13,
            13,
            13
        ],
        [
            0,
            0,
            2,
            3,
            14,
            14,
            14,
            11,
            11,
            11,
            11,
            11,
            12,
            13,
            14,
            14
        ],
        [
            0,
            0,
            2,
            3,
            15,
            15,
            15,
            15,
            11,
            11,
            11,
            11,
            12,
            13,
            14,
            15
        ],
        [
            12,
            12,
            2,
            3,
            15,
            15,
            15,
            15,
            13,
            13,
            13,
            13,
            12,
            13,
            14,
            15
        ],
        [
            14,
            14,
            2,
            3,
            4,
            4,
            4,
            4,
            4,
            13,
            13,
            13,
            14,
            13,
            14,
            15
        ]
    ]
}
