{
    "circles": [
        {
            "pos": [
                452.0,
                517.0
            ],
            "rad": 50.0
        }
    ],
    "height": 750,
    "rectangles": [
        {
            "b": 1,
            "hl": 15.5,
            "hw": 600.0,
            "pos": [
                600.0,
                765.5
            ],
            "rot": [
                1.0,
                0.0,
                0.0,
                1.0
            ]
        },
        {
            "b": 1,
            "hl": 375.0,
            "hw": 15.5,
            "pos": [
                1215.5,
                375.0
            ],
            "rot": [
                1.0,
                0.0,
                0.0,
                1.0
            ]
        },
        {
            "b": 1,
            "hl": 15.5,
            "hw": 600.0,
            "pos": [
                600.0,
                -15.5
            ],
            "rot": [
                1.0,
                0.0,
                0.0,
                1.0
            ]
        },
        {
            "b": 1,
            "hl": 375.0,
            "hw": 15.5,
            "pos": [
                -15.5,
                375.0
            ],
            "rot": [
                1.0,
                0.0,
                0.0,
                1.0
            ]
        },
        {
            "b": 0,
            "hl": 100.0,
            "hw": 50.0,
            "pos": [
                822.0,
                255.5
            ],
            "rot": [
                -0.6811039424772872,
                -0.7321867381630838,
                0.7321867381630838,
                -0.6811039424772872
            ]
        }
    ],
    "tilesize": 31,
    "waypoints": [
        {
            "auto": 1,
            "pos": [
                562.0,
                517.0
            ],
            "rad": 60.0
        },
        {
            "auto": 1,
            "pos": [
                555.3661882864499,
                554.6222157658235
            ],
            "rad": 60.0
        },
        {
            "auto": 1,
            "pos": [
                536.2648887430876,
                587.7066370655193
            ],
            "rad": 60.0
        },
        {
            "auto": 1,
            "pos": [
                507.0,
                612.2627944162882
            ],
            "rad": 60.0
        },
        {
            "auto": 1,
            "pos": [
                471.10129954336236,
                625.3288528313428
            ],
            "rad": 60.0
        },
        {
            "auto": 1,
            "pos": [
                432.89870045663764,
                625.3288528313428
            ],
            "rad": 60.0
        },
        {
            "auto": 1,
            "pos": [
                397.0,
                612.2627944162882
            ],
            "rad": 60.0
        },
        {
            "auto": 1,
            "pos": [
                367.73511125691243,
                587.7066370655193
            ],
            "rad": 60.0
        },
        {
            "auto": 1,
            "pos": [
                348.6338117135501,
                554.6222157658236
            ],
            "rad": 60.0
        },
        {
            "auto": 1,
            "pos": [
                342.0,
                517.0
            ],
            "rad": 60.0
        },
        {
            "auto": 1,
            "pos": [
                348.6338117135501,
                479.37778423417643
            ],
            "rad": 60.0
        },
        {
            "auto": 1,
            "pos": [
                367.73511125691243,
                446.2933629344807
            ],
            "rad": 60.0
        },
        {
            "auto": 1,
            "pos": [
                396.99999999999994,
                421.7372055837118
            ],
            "rad": 60.0
        },
        {
            "auto": 1,
            "pos": [
                432.89870045663764,
                408.6711471686571
            ],
            "rad": 60.0
        },
        {
            "auto": 1,
            "pos": [
                471.1012995433623,
                408.6711471686571
            ],
            "rad": 60.0
        },
        {
            "auto": 1,
            "pos": [
                507.0,
                421.7372055837118
            ],
            "rad": 60.0
        },
        {
            "auto": 1,
            "pos": [
                536.2648887430876,
                446.2933629344806
            ],
            "rad": 60.0
        },
        {
            "auto": 1,
            "pos": [
                555.3661882864499,
                479.3777842341764
            ],
            "rad": 60.0
        },
        {
            "auto": 1,
            "pos": [
                629.928688221405,
                227.06391040157325
            ],
            "rad": 60.0
        },
        {
            "auto": 1,
            "pos": [
                864.2284444335918,
                445.01717199430516
            ],
            "rad": 60.0
        },
        {
            "auto": 1,
            "pos": [
                1014.071311778595,
                283.93608959842675
            ],
            "rad": 60.0
        },
        {
            "auto": 1,
            "pos": [
                779.7715555664082,
                65.98282800569484
            ],
            "rad": 60.0
        }
    ],
    "width": 1200,
    "wp_dist": [
        [
            0.0,
            38.202598571777344,
            75.24443054199219,
            113.44702911376953,
            150.48886108398438,
            188.69146728515625,
            225.73329162597656,
            263.9358825683594,
            300.97772216796875,
            339.1802978515625,
            300.97772216796875,
            263.9358825683594,
            225.73329162597656,
            188.69146728515625,
            150.48886108398438,
            113.44702911376953,
            75.24443054199219,
            38.202598571777344,
            297.7872314453125,
            365.93597412109375,
            585.9359741210938,
            517.7872314453125
        ],
        [
            38.202598571777344,
            0.0,
            38.202598571777344,
            75.24443054199219,
            113.44702911376953,
            150.48886108398438,
            188.69146728515625,
            225.73329162597656,
            263.9358825683594,
            300.97772216796875,
            339.1802978515625,
            300.97772216796875,
            263.9358825683594,
            225.73329162597656,
            188.69146728515625,
            150.48886108398438,
            113.44702911376953,
            75.24443054199219,
            335.9375,
            327.7333679199219,
            547.7333984375,
            555.9375
        ],
        [
            75.24443054199219,
            38.202598571777344,
            0.0,
            38.202598571777344,
            75.24443054199219,
            113.44702911376953,
            150.48886108398438,
            188.69146728515625,
            225.73329162597656,
            263.9358825683594,
            300.97772216796875,
            339.1802978515625,
            300.97772216796875,
            263.9358825683594,
            225.73329162597656,
            188.69146728515625,
            150.48886108398438,
            113.44702911376953,
            372.6071472167969,
            357.6595764160156,
            577.6595458984375,
            592.607177734375
        ],
        [
            113.44702911376953,
            75.24443054199219,
            38.202598571777344,
            0.0,
            38.202598571777344,
            75.24443054199219,
            113.44702911376953,
            150.48886108398438,
            188.69146728515625,
            225.73329162597656,
            263.9358825683594,
            300.97772216796875,
            339.1802978515625,
            300.97772216796875,
            263.9358825683594,
            225.73329162597656,
            188.69146728515625,
            150.48886108398438,
            410.80975341796875,
            394.4404296875,
            614.4404296875,
            630.8097534179688
        ],
        [
            150.48886108398438,
            113.44702911376953,
            75.24443054199219,
            38.202598571777344,
            0.0,
            38.202598571777344,
            75.24443054199219,
            113.44702911376953,
            150.48886108398438,
            188.69146728515625,
            225.73329162597656,
            263.9358825683594,
            300.97772216796875,
            339.1802978515625,
            300.97772216796875,
            263.9358825683594,
            225.73329162597656,
            188.69146728515625,
            447.8515625,
            432.50579833984375,
            652.5057983398438,
            667.8515625
        ],
        [
            188.69146728515625,
            150.48886108398438,
            113.44702911376953,
            75.24443054199219,
            38.202598571777344,
            0.0,
            38.202598571777344,
            75.24443054199219,
            113.44702911376953,
            150.48886108398438,
            188.69146728515625,
            225.73329162597656,
            263.9358825683594,
            300.97772216796875,
            339.1802978515625,
            300.97772216796875,
            263.9358825683594,
            225.73329162597656,
            486.0541687011719,
            469.68487548828125,
            689.6848754882813,
            706.05419921875
        ],
        [
            225.73329162597656,
            188.69146728515625,
            150.48886108398438,
            113.44702911376953,
            75.24443054199219,
            38.202598571777344,
            0.0,
            38.202598571777344,
            75.24443054199219,
            113.44702911376953,
            150.48886108398438,
            188.69146728515625,
            225.73329162597656,
            263.9358825683594,
            300.97772216796875,
            339.1802978515625,
            300.97772216796875,
            263.9358825683594,
            523.0960083007813,
            507.750244140625,
            727.750244140625,
            743.0960083007813
        ],
        [
            263.9358825683594,
            225.73329162597656,
            188.69146728515625,
            150.48886108398438,
            113.44702911376953,
            75.24443054199219,
            38.202598571777344,
            0.0,
            38.202598571777344,
            75.24443054199219,
            113.44702911376953,
            150.48886108398438,
            188.69146728515625,
            225.73329162597656,
            263.9358825683594,
            300.97772216796875,
            339.1802978515625,
            300.97772216796875,
            492.25927734375,
            544.9293212890625,
            764.9293212890625,
            710.7536010742188
        ],
        [
            300.97772216796875,
            263.9358825683594,
            225.73329162597656,
            188.69146728515625,
            150.48886108398438,
            113.44702911376953,
            75.24443054199219,
            38.202598571777344,
            0.0,
            38.202598571777344,
            75.24443054199219,
            113.44702911376953,
            150.48886108398438,
            188.69146728515625,
            225.73329162597656,
            263.9358825683594,
            300.97772216796875,
            339.1802978515625,
            454.0567626953125,
            582.9946899414063,
            802.9946899414063,
            672.551025390625
        ],
        [
            339.1802978515625,
            300.97772216796875,
            263.9358825683594,
            225.73329162597656,
            188.69146728515625,
            150.48886108398438,
            113.44702911376953,
            75.24443054199219,
            38.202598571777344,
            0.0,
            38.202598571777344,
            75.24443054199219,
            113.44702911376953,
            150.48886108398438,
            188.69146728515625,
            225.73329162597656,
            263.9358825683594,
            300.97772216796875,
            417.01483154296875,
            583.3472900390625,
            803.3472900390625,
            635.5091552734375
        ],
        [
            300.97772216796875,
            339.1802978515625,
            300.97772216796875,
            263.9358825683594,
            225.73329162597656,
            188.69146728515625,
            150.48886108398438,
            113.44702911376953,
            75.24443054199219,
            38.202598571777344,
            0.0,
            38.202598571777344,
            75.24443054199219,
            113.44702911376953,
            150.48886108398438,
            188.69146728515625,
            225.73329162597656,
            263.9358825683594,
            378.81231689453125,
            545.2926025390625,
            765.2926025390625,
            597.3065795898438
        ],
        [
            263.9358825683594,
            300.97772216796875,
            339.1802978515625,
            300.97772216796875,
            263.9358825683594,
            225.73329162597656,
            188.69146728515625,
            150.48886108398438,
            113.44702911376953,
            75.24443054199219,
            38.202598571777344,
            0.0,
            38.202598571777344,
            75.24443054199219,
            113.44702911376953,
            150.48886108398438,
            188.69146728515625,
            225.73329162597656,
            341.7704162597656,
            508.10284423828125,
            728.1028442382813,
            560.7228393554688
        ],
        [
            225.73329162597656,
            263.9358825683594,
            300.97772216796875,
            339.1802978515625,
            300.97772216796875,
            263.9358825683594,
            225.73329162597656,
            188.69146728515625,
            150.48886108398438,
            113.44702911376953,
            75.24443054199219,
            38.202598571777344,
            0.0,
            38.202598571777344,
            75.24443054199219,
            113.44702911376953,
            150.48886108398438,
            188.69146728515625,
            303.5679016113281,
            470.04815673828125,
            690.0481567382813,
            522.5660400390625
        ],
        [
            188.69146728515625,
            225.73329162597656,
            263.9358825683594,
            300.97772216796875,
            339.1802978515625,
            300.97772216796875,
            263.9358825683594,
            225.73329162597656,
            188.69146728515625,
            150.48886108398438,
            113.44702911376953,
            75.24443054199219,
            38.202598571777344,
            0.0,
            38.202598571777344,
            75.24443054199219,
            113.44702911376953,
            150.48886108398438,
            267.9589538574219,
            432.8583984375,
            652.8583984375,
            487.60235595703125
        ],
        [
            150.48886108398438,
            188.69146728515625,
            225.73329162597656,
            263.9358825683594,
            300.97772216796875,
            339.1802978515625,
            300.97772216796875,
            263.9358825683594,
            225.73329162597656,
            188.69146728515625,
            150.48886108398438,
            113.44702911376953,
            75.24443054199219,
            38.202598571777344,
            0.0,
            38.202598571777344,
            75.24443054199219,
            113.44702911376953,
            241.26194763183594,
            394.8037414550781,
            614.8037109375,
            461.207763671875
        ],
        [
            113.44702911376953,
            150.48886108398438,
            188.69146728515625,
            225.73329162597656,
            263.9358825683594,
            300.97772216796875,
            339.1802978515625,
            300.97772216796875,
            263.9358825683594,
            225.73329162597656,
            188.69146728515625,
            150.48886108398438,
            113.44702911376953,
            75.24443054199219,
            38.202598571777344,
            0.0,
            38.202598571777344,
            75.24443054199219,
            279.46453857421875,
            357.9862060546875,
            577.9862060546875,
            499.4103698730469
        ],
        [
            75.24443054199219,
            113.44702911376953,
            150.48886108398438,
            188.69146728515625,
            225.73329162597656,
            263.9358825683594,
            300.97772216796875,
            339.1802978515625,
            300.97772216796875,
            263.9358825683594,
            225.73329162597656,
            188.69146728515625,
            150.48886108398438,
            113.44702911376953,
            75.24443054199219,
            38.202598571777344,
            0.0,
            38.202598571777344,
            301.3030700683594,
            327.9660339355469,
            547.966064453125,
            521.3031005859375
        ],
        [
            38.202598571777344,
            75.24443054199219,
            113.44702911376953,
            150.48886108398438,
            188.69146728515625,
            225.73329162597656,
            263.9358825683594,
            300.97772216796875,
            339.1802978515625,
            300.97772216796875,
            263.9358825683594,
            225.73329162597656,
            188.69146728515625,
            150.48886108398438,
            113.44702911376953,
            75.24443054199219,
            38.202598571777344,
            0.0,
            263.1004638671875,
            366.16864013671875,
            586.1686401367188,
            483.1004638671875
        ],
        [
            297.7872314453125,
            335.9375,
            372.6071472167969,
            410.80975341796875,
            447.8515625,
            486.0541687011719,
            523.0960083007813,
            492.25927734375,
            454.0567626953125,
            417.01483154296875,
            378.81231689453125,
            341.7704162597656,
            303.5679016113281,
            267.9589538574219,
            241.26194763183594,
            279.46453857421875,
            301.3030700683594,
            263.1004638671875,
            0.0,
            320.0,
            540.0,
            220.0
        ],
        [
            365.93597412109375,
            327.7333679199219,
            357.6595764160156,
            394.4404296875,
            432.50579833984375,
            469.68487548828125,
            507.750244140625,
            544.9293212890625,
            582.9946899414063,
            583.3472900390625,
            545.2926025390625,
            508.10284423828125,
            470.04815673828125,
            432.8583984375,
            394.8037414550781,
            357.9862060546875,
            327.9660339355469,
            366.16864013671875,
            320.0,
            0.0,
            220.0,
            540.0
        ],
        [
            585.9359741210938,
            547.7333984375,
            577.6595458984375,
            614.4404296875,
            652.5057983398438,
            689.6848754882813,
            727.750244140625,
            764.9293212890625,
            802.9946899414063,
            803.3472900390625,
            765.2926025390625,
            728.1028442382813,
            690.0481567382813,
            652.8583984375,
            614.8037109375,
            577.9862060546875,
            547.966064453125,
            586.1686401367188,
            540.0,
            220.0,
            0.0,
            320.0
        ],
        [
            517.7872314453125,
            555.9375,
            592.607177734375,
            630.8097534179688,
            667.8515625,
            706.05419921875,
            743.0960083007813,
            710.7536010742188,
            672.551025390625,
            635.5091552734375,
            597.3065795898438,
            560.7228393554688,
            522.5660400390625,
            487.60235595703125,
            461.207763671875,
            499.4103698730469,
            521.3031005859375,
            483.1004638671875,
            220.0,
            540.0,
            320.0,
            0.0
        ]
    ],
    "wp_next": [
        [
            0,
            1,
            2,
            1,
            2,
            1,
            2,
            2,
            2,
            2,
            16,
            17,
            16,
            16,
            16,
            16,
            16,
            17,
            18,
            1,
            1,
            18
        ],
        [
            0,
            1,
            2,
            3,
            2,
            3,
            2,
            3,
            3,
            3,
            3,
            17,
            0,
            17,
            0,
            17,
            0,
            17,
            18,
            19,
            19,
            18
        ],
        [
            0,
            1,
            2,
            3,
            4,
            3,
            4,
            3,
            4,
            4,
            4,
            4,
            0,
            0,
            0,
            0,
            0,
            0,
            18,
            19,
            19,
            18
        ],
        [
            1,
            1,
            2,
            3,
            4,
            5,
            4,
            5,
            4,
            5,
            5,
            5,
            5,
            1,
            1,
            1,
            1,
            1,
            2,
            19,
            19,
            2
        ],
        [
            2,
            2,
            2,
            3,
            4,
            5,
            6,
            5,
            6,
            5,
            6,
            6,
            6,
            6,
            2,
            2,
            2,
            2,
            2,
            19,
            19,
            2
        ],
        [
            3,
            3,
            3,
            3,
            4,
            5,
            6,
            7,
            6,
            7,
            6,
            7,
            7,
            7,
            7,
            3,
            4,
            3,
            4,
            3,
            3,
            4
        ],
        [
            4,
            4,
            4,
            4,
            4,
            5,
            6,
            7,
            8,
            7,
            8,
            7,
            8,
            8,
            8,
            8,
            4,
            5,
            4,
            4,
            4,
            4
        ],
        [
            6,
            5,
            5,
            5,
            5,
            5,
            6,
            7,
            8,
            9,
            8,
            9,
            8,
            9,
            9,
            9,
            5,
            5,
            9,
            5,
            5,
            8
        ],
        [
            6,
            7,
            6,
            6,
            6,
            6,
            6,
            7,
            8,
            9,
            10,
            9,
            10,
            9,
            10,
            10,
            10,
            6,
            10,
            6,
            6,
            10
        ],
        [
            7,
            7,
            8,
            7,
            7,
            7,
            7,
            7,
            8,
            9,
            10,
            11,
            10,
            11,
            10,
            11,
            11,
            11,
            11,
            11,
            11,
            10
        ],
        [
            12,
            8,
            8,
            9,
            8,
            8,
            8,
            8,
            8,
            9,
            10,
            11,
            12,
            11,
            12,
            11,
            12,
            12,
            12,
            12,
            12,
            21
        ],
        [
            13,
            13,
            9,
            9,
            10,
            9,
            9,
            9,
            9,
            9,
            10,
            11,
            12,
            13,
            12,
            13,
            12,
            13,
            18,
            13,
            13,
            21
        ],
        [
            14,
            14,
            14,
            10,
            10,
            11,
            10,
            10,
            10,
            10,
            10,
            11,
            12,
            13,
            14,
            13,
            14,
            13,
            18,
            14,
            14,
            21
        ],
        [
            14,
            15,
            14,
            15,
            11,
            11,
            12,
            11,
            11,
            11,
            11,
            11,
            12,
            13,
            14,
            15,
            14,
            15,
            18,
            19,
            19,
            21
        ],
        [
            16,
            16,
            16,
            15,
            16,
            12,
            12,
            13,
            12,
            12,
            12,
            12,
            12,
            13,
            14,
            15,
            16,
            15,
            18,
            19,
            19,
            21
        ],
        [
            16,
            17,
            16,
            17,
            16,
            17,
            13,
            13,
            14,
            13,
            13,
            13,
            13,
            13,
            14,
            15,
            16,
            17,
            14,
            19,
            19,
            14
        ],
        [
            0,
            0,
            0,
            0,
            0,
            0,
            0,
            0,
            14,
            15,
            14,
            14,
            14,
            14,
            14,
            15,
            16,
            17,
            17,
            19,
            19,
            17
        ],
        [
            0,
            1,
            0,
            1,
            0,
            1,
            1,
            1,
            1,
            15,
            16,
            15,
            15,
            15,
            15,
            15,
            16,
            17,
            18,
            16,
            16,
            18
        ],
        [
            0,
            1,
            2,
            2,
            2,
            2,
            2,
            11,
            12,
            11,
            12,
            11,
            12,
            13,
            14,
            14,
            17,
            17,
            18,
            19,
            19,
            21
        ],
        [
            1,
            1,
            2,
            3,
            4,
            3,
            4,
            3,
            4,
            13,
            14,
            13,
            14,
            13,
            14,
            15,
            16,
            16,
            18,
            19,
            20,
            18
        ],
        [
            19,
            19,
            19,
            19,
            19,
            19,
            19,
            19,
            19,
            19,
            19,
            19,
            19,
            19,
            19,
            19,
            19,
            19,
            19,
            19,
            20,
            21
        ],
        [
            18,
            18,
            18,
            18,
            18,
            18,
            18,
            10,
            10,
            10,
            10,
            11,
            12,
            13,
            14,
            14,
            18,
            18,
            18,
            18,
            20,
            21
        ]
    ]
}
